0.000000,0.012252,0.024386,0.036286,0.047835,0.058925,0.069446,0.079299,0.088388,0.096626,0.103934,0.110240,0.115485,0.119618,0.122598,0.124398,0.125000,0.124398,0.122598,0.119618,0.115485,0.110240,0.103934,0.096626,0.088388,0.079299,0.069446,0.058925,0.047835,0.036286,0.024386,0.012252,0.000000,-0.012252,-0.024386,-0.036286,-0.047835,-0.058925,-0.069446,-0.079299,-0.088388,-0.096626,-0.103934,-0.110240,-0.115485,-0.119618,-0.122598,-0.124398,-0.125000,-0.124398,-0.122598,-0.119618,-0.115485,-0.110240,-0.103934,-0.096626,-0.088388,-0.079299,-0.069446,-0.058925,-0.047835,-0.036286,-0.024386,-0.012252
0.000000,0.024386,0.047835,0.069446,0.088388,0.103934,0.115485,0.122598,0.125000,0.122598,0.115485,0.103934,0.088388,0.069446,0.047835,0.024386,0.000000,-0.024386,-0.047835,-0.069446,-0.088388,-0.103934,-0.115485,-0.122598,-0.125000,-0.122598,-0.115485,-0.103934,-0.088388,-0.069446,-0.047835,-0.024386,-0.000000,0.024386,0.047835,0.069446,0.088388,0.103934,0.115485,0.122598,0.125000,0.122598,0.115485,0.103934,0.088388,0.069446,0.047835,0.024386,0.000000,-0.024386,-0.047835,-0.069446,-0.088388,-0.103934,-0.115485,-0.122598,-0.125000,-0.122598,-0.115485,-0.103934,-0.088388,-0.069446,-0.047835,-0.024386
0.000000,0.036286,0.069446,0.096626,0.115485,0.124398,0.122598,0.110240,0.088388,0.058925,0.024386,-0.012252,-0.047835,-0.079299,-0.103934,-0.119618,-0.125000,-0.119618,-0.103934,-0.079299,-0.047835,-0.012252,0.024386,0.058925,0.088388,0.110240,0.122598,0.124398,0.115485,0.096626,0.069446,0.036286,0.000000,-0.036286,-0.069446,-0.096626,-0.115485,-0.124398,-0.122598,-0.110240,-0.088388,-0.058925,-0.024386,0.012252,0.047835,0.079299,0.103934,0.119618,0.125000,0.119618,0.103934,0.079299,0.047835,0.012252,-0.024386,-0.058925,-0.088388,-0.110240,-0.122598,-0.124398,-0.115485,-0.096626,-0.069446,-0.036286
0.000000,0.047835,0.088388,0.115485,0.125000,0.115485,0.088388,0.047835,0.000000,-0.047835,-0.088388,-0.115485,-0.125000,-0.115485,-0.088388,-0.047835,-0.000000,0.047835,0.088388,0.115485,0.125000,0.115485,0.088388,0.047835,0.000000,-0.047835,-0.088388,-0.115485,-0.125000,-0.115485,-0.088388,-0.047835,-0.000000,0.047835,0.088388,0.115485,0.125000,0.115485,0.088388,0.047835,0.000000,-0.047835,-0.088388,-0.115485,-0.125000,-0.115485,-0.088388,-0.047835,-0.000000,0.047835,0.088388,0.115485,0.125000,0.115485,0.088388,0.047835,0.000000,-0.047835,-0.088388,-0.115485,-0.125000,-0.115485,-0.088388,-0.047835
0.000000,0.058925,0.103934,0.124398,0.115485,0.079299,0.024386,-0.036286,-0.088388,-0.119618,-0.122598,-0.096626,-0.047835,0.012252,0.069446,0.110240,0.125000,0.110240,0.069446,0.012252,-0.047835,-0.096626,-0.122598,-0.119618,-0.088388,-0.036286,0.024386,0.079299,0.115485,0.124398,0.103934,0.058925,0.000000,-0.058925,-0.103934,-0.124398,-0.115485,-0.079299,-0.024386,0.036286,0.088388,0.119618,0.122598,0.096626,0.047835,-0.012252,-0.069446,-0.110240,-0.125000,-0.110240,-0.069446,-0.012252,0.047835,0.096626,0.122598,0.119618,0.088388,0.036286,-0.024386,-0.079299,-0.115485,-0.124398,-0.103934,-0.058925
0.000000,0.069446,0.115485,0.122598,0.088388,0.024386,-0.047835,-0.103934,-0.125000,-0.103934,-0.047835,0.024386,0.088388,0.122598,0.115485,0.069446,0.000000,-0.069446,-0.115485,-0.122598,-0.088388,-0.024386,0.047835,0.103934,0.125000,0.103934,0.047835,-0.024386,-0.088388,-0.122598,-0.115485,-0.069446,-0.000000,0.069446,0.115485,0.122598,0.088388,0.024386,-0.047835,-0.103934,-0.125000,-0.103934,-0.047835,0.024386,0.088388,0.122598,0.115485,0.069446,0.000000,-0.069446,-0.115485,-0.122598,-0.088388,-0.024386,0.047835,0.103934,0.125000,0.103934,0.047835,-0.024386,-0.088388,-0.122598,-0.115485,-0.069446
0.000000,0.079299,0.122598,0.110240,0.047835,-0.036286,-0.103934,-0.124398,-0.088388,-0.012252,0.069446,0.119618,0.115485,0.058925,-0.024386,-0.096626,-0.125000,-0.096626,-0.024386,0.058925,0.115485,0.119618,0.069446,-0.012252,-0.088388,-0.124398,-0.103934,-0.036286,0.047835,0.110240,0.122598,0.079299,0.000000,-0.079299,-0.122598,-0.110240,-0.047835,0.036286,0.103934,0.124398,0.088388,0.012252,-0.069446,-0.119618,-0.115485,-0.058925,0.024386,0.096626,0.125000,0.096626,0.024386,-0.058925,-0.115485,-0.119618,-0.069446,0.012252,0.088388,0.124398,0.103934,0.036286,-0.047835,-0.110240,-0.122598,-0.079299
0.000000,0.088388,0.125000,0.088388,0.000000,-0.088388,-0.125000,-0.088388,-0.000000,0.088388,0.125000,0.088388,0.000000,-0.088388,-0.125000,-0.088388,-0.000000,0.088388,0.125000,0.088388,0.000000,-0.088388,-0.125000,-0.088388,-0.000000,0.088388,0.125000,0.088388,0.000000,-0.088388,-0.125000,-0.088388,-0.000000,0.088388,0.125000,0.088388,0.000000,-0.088388,-0.125000,-0.088388,-0.000000,0.088388,0.125000,0.088388,0.000000,-0.088388,-0.125000,-0.088388,-0.000000,0.088388,0.125000,0.088388,-0.000000,-0.088388,-0.125000,-0.088388,-0.000000,0.088388,0.125000,0.088388,0.000000,-0.088388,-0.125000,-0.088388
